  N levels =   24          CBMF=     0.000     SST=   45.00 C            
  
  Pressure   Temp.      Spec. humid.   O3 mr   Omega   Rad. Cooling    
    (mb)      (C)          (g/kg)      10**-6 (mb/hr)   (deg/day)     
  -------    -----      ------------   -----   ------  ------------   
   1000.0    43.000      44.296287     0.048    0.00     0.000  
    950.0    40.666      41.140076     0.051    0.00     0.000  
    900.0    38.206      37.975736     0.053    0.00     0.000  
    850.0    35.605      34.810000     0.056    0.00     0.000  
    800.0    32.847      31.651033     0.057    0.00     0.000  
    750.0    29.910      28.508747     0.059    0.00     0.000  
    700.0    26.771      25.395171     0.060    0.00     0.000  
    650.0    23.399      22.324921     0.061    0.00     0.000  
    600.0    19.757      19.315776     0.063    0.00     0.000  
    550.0    15.798      16.389369     0.066    0.00     0.000  
    500.0    11.462      13.572031     0.069    0.00     0.000  
    450.0     6.668      10.895758     0.073    0.00     0.000  
    400.0     1.309       8.399255     0.077    0.00     0.000  
    350.0    -4.767       6.128862     0.085    0.00     0.000  
    300.0   -11.781       4.138881     0.096    0.00     0.000  
    250.0   -20.076       2.490071     0.117    0.00     0.000  
    200.0   -30.229       1.243469     0.153    0.00     0.000  
    150.0   -43.319       0.443045     0.202    0.00     0.000  
    100.0   -61.768       0.074960     0.405    0.00     0.000  
     80.0   -71.921       0.023083     0.755    0.00     0.000  
     60.0   -73.150       0.000000     2.042    0.00     0.000  
     40.0   -73.150       0.000000     5.238    0.00     0.000  
     30.0   -73.150       0.000000     8.440    0.00     0.000  
     25.0   -73.150       0.000000    10.124    0.00     0.000  
