  N levels =   24          CBMF=     0.000     SST=   37.00 C            
  
  Pressure   Temp.      Spec. humid.   O3 mr   Omega   Rad. Cooling    
    (mb)      (C)          (g/kg)      10**-6 (mb/hr)   (deg/day)     
  -------    -----      ------------   -----   ------  ------------   
   1000.0    35.000      28.506066     0.048    0.00     0.000  
    950.0    32.666      26.298986     0.051    0.00     0.000  
    900.0    30.206      24.100928     0.053    0.00     0.000  
    850.0    27.605      21.917804     0.056    0.00     0.000  
    800.0    24.847      19.756581     0.057    0.00     0.000  
    750.0    21.910      17.625480     0.059    0.00     0.000  
    700.0    18.771      15.534203     0.060    0.00     0.000  
    650.0    15.399      13.494200     0.061    0.00     0.000  
    600.0    11.757      11.518981     0.063    0.00     0.000  
    550.0     7.798       9.624466     0.066    0.00     0.000  
    500.0     3.462       7.829351     0.069    0.00     0.000  
    450.0    -1.332       6.155456     0.073    0.00     0.000  
    400.0    -6.691       4.627950     0.077    0.00     0.000  
    350.0   -12.767       3.275239     0.085    0.00     0.000  
    300.0   -19.781       2.128075     0.096    0.00     0.000  
    250.0   -28.076       1.216988     0.117    0.00     0.000  
    200.0   -38.229       0.566222     0.153    0.00     0.000  
    150.0   -51.319       0.181052     0.202    0.00     0.000  
    100.0   -69.768       0.025197     0.405    0.00     0.000  
     80.0   -73.150       0.000000     0.755    0.00     0.000  
     60.0   -73.150       0.000000     2.042    0.00     0.000  
     40.0   -73.150       0.000000     5.238    0.00     0.000  
     30.0   -73.150       0.000000     8.440    0.00     0.000  
     25.0   -73.150       0.000000    10.124    0.00     0.000  
