  N levels =   24          CBMF=     0.000     SST=    6.00 C            
  
  Pressure   Temp.      Spec. humid.   O3 mr   Omega   Rad. Cooling    
    (mb)      (C)          (g/kg)      10**-6 (mb/hr)   (deg/day)     
  -------    -----      ------------   -----   ------  ------------   
   1000.0     4.000       4.056552     0.048    0.00     0.000  
    950.0     1.666       3.617816     0.051    0.00     0.000  
    900.0    -0.794       3.195669     0.053    0.00     0.000  
    850.0    -3.395       2.791812     0.056    0.00     0.000  
    800.0    -6.153       2.408058     0.057    0.00     0.000  
    750.0    -9.090       2.046325     0.059    0.00     0.000  
    700.0   -12.229       1.708624     0.060    0.00     0.000  
    650.0   -15.601       1.397025     0.061    0.00     0.000  
    600.0   -19.243       1.113614     0.063    0.00     0.000  
    550.0   -23.202       0.860424     0.066    0.00     0.000  
    500.0   -27.538       0.639323     0.069    0.00     0.000  
    450.0   -32.332       0.451856     0.073    0.00     0.000  
    400.0   -37.691       0.299014     0.077    0.00     0.000  
    350.0   -43.767       0.180912     0.085    0.00     0.000  
    300.0   -50.781       0.096361     0.096    0.00     0.000  
    250.0   -59.076       0.042357     0.117    0.00     0.000  
    200.0   -69.229       0.013600     0.153    0.00     0.000  
    150.0   -73.150       0.000000     0.202    0.00     0.000  
    100.0   -73.150       0.000000     0.405    0.00     0.000  
     80.0   -73.150       0.000000     0.755    0.00     0.000  
     60.0   -73.150       0.000000     2.042    0.00     0.000  
     40.0   -73.150       0.000000     5.238    0.00     0.000  
     30.0   -73.150       0.000000     8.440    0.00     0.000  
     25.0   -73.150       0.000000    10.124    0.00     0.000  
