  N levels =   46          CBMF=     9.563     SST=   25.00 C

  Pressure   Temp.      Spec. humid.   O3 mr   Omega   Rad. cooling
    (mb)      (C)          (g/kg)      10**-6 (mb/hr)   (deg/day)
  -------    -----      ------------   -----   -----   ------------
   1000.0    23.097      13.940677     0.048    0.00       1.285
    975.0    20.945      13.777682     0.049    0.00       1.755
    950.0    18.859      13.703314     0.051    0.00       1.452
    925.0    18.446      11.160563     0.051    0.00       1.721
    900.0    17.178       9.990562     0.054    0.00       1.414
    875.0    15.962       8.987500     0.055    0.00       1.323
    850.0    14.706       8.159850     0.055    0.00       1.226
    825.0    13.402       7.454064     0.057    0.00       1.156
    800.0    12.048       6.833845     0.057    0.00       1.103
    775.0    10.637       6.273022     0.058    0.00       1.064
    750.0     9.162       5.789388     0.059    0.00       1.045
    725.0     7.604       5.331971     0.060    0.00       1.038
    700.0     5.980       4.890583     0.061    0.00       1.048
    675.0     4.275       4.472161     0.061    0.00       1.080
    650.0     2.482       4.060959     0.061    0.00       1.136
    625.0     0.599       3.570564     0.062    0.00       1.195
    600.0    -1.355       2.873000     0.063    0.00       1.125
    575.0    -2.966       2.226465     0.065    0.00       1.143
    550.0    -4.663       1.751310     0.066    0.00       1.107
    525.0    -6.493       1.417863     0.068    0.00       1.064
    500.0    -8.537       1.199749     0.069    0.00       1.024
    475.0   -10.881       1.070535     0.070    0.00       0.990
    450.0   -13.601       1.003467     0.073    0.00       0.969
    425.0   -16.747       0.973912     0.075    0.00       0.227
    400.0   -20.608       0.964770     0.078    0.00      -0.227
    375.0   -25.111       0.966449     0.081    0.00       1.978
    350.0   -28.696       0.367977     0.085    0.00       0.880
    325.0   -33.103       0.175534     0.091    0.00       0.916
    300.0   -37.811       0.114358     0.097    0.00       0.762
    275.0   -43.044       0.076964     0.107    0.00       1.052
    250.0   -48.499       0.042711     0.119    0.00       0.159
    225.0   -55.020       0.030410     0.135    0.00       1.227
    200.0   -61.581       0.026926     0.154    0.00       0.303
    175.0   -68.880       0.003000     0.176    0.00       0.000
    150.0   -64.993       0.003000     0.206    0.00      -0.001
    125.0   -64.890       0.003000     0.265    0.00      -0.001
    100.0   -64.806       0.003000     0.405    0.00      -0.001
     80.0   -63.305       0.003000     0.755    0.00      -0.001
     60.0   -58.781       0.003000     2.042    0.00      -0.001
     40.0   -52.377       0.003000     5.238    0.00      -0.001
     30.0   -48.398       0.003000     8.440    0.00      -0.001
     25.0   -46.694       0.003000    10.124    0.00      -0.001
     20.0   -44.741       0.003000    11.773    0.00      -0.001
     15.0   -41.925       0.003000    13.882    0.00      -0.001
     10.0   -36.678       0.003000    13.873    0.00      -0.001
      5.0   -16.725       0.003000    10.548    0.00       0.002
