  N levels =   24          CBMF=     0.000     SST=   38.00 C            
  
  Pressure   Temp.      Spec. humid.   O3 mr   Omega   Rad. Cooling    
    (mb)      (C)          (g/kg)      10**-6 (mb/hr)   (deg/day)     
  -------    -----      ------------   -----   ------  ------------   
   1000.0    36.000      30.155788     0.048    0.00     0.000  
    950.0    33.666      27.845361     0.051    0.00     0.000  
    900.0    31.206      25.542351     0.053    0.00     0.000  
    850.0    28.605      23.252794     0.056    0.00     0.000  
    800.0    25.847      20.983829     0.057    0.00     0.000  
    750.0    22.910      18.743905     0.059    0.00     0.000  
    700.0    19.771      16.543029     0.060    0.00     0.000  
    650.0    16.399      14.393051     0.061    0.00     0.000  
    600.0    12.757      12.308010     0.063    0.00     0.000  
    550.0     8.798      10.304512     0.066    0.00     0.000  
    500.0     4.462       8.402154     0.069    0.00     0.000  
    450.0    -0.332       6.623925     0.073    0.00     0.000  
    400.0    -5.691       4.996513     0.077    0.00     0.000  
    350.0   -11.767       3.550286     0.085    0.00     0.000  
    300.0   -18.781       2.318493     0.096    0.00     0.000  
    250.0   -27.076       1.334740     0.117    0.00     0.000  
    200.0   -37.229       0.626809     0.153    0.00     0.000  
    150.0   -50.319       0.203301     0.202    0.00     0.000  
    100.0   -68.768       0.029034     0.405    0.00     0.000  
     80.0   -73.150       0.000000     0.755    0.00     0.000  
     60.0   -73.150       0.000000     2.042    0.00     0.000  
     40.0   -73.150       0.000000     5.238    0.00     0.000  
     30.0   -73.150       0.000000     8.440    0.00     0.000  
     25.0   -73.150       0.000000    10.124    0.00     0.000  
