  N levels =   24          CBMF=     0.000     SST=   39.00 C            
  
  Pressure   Temp.      Spec. humid.   O3 mr   Omega   Rad. Cooling    
    (mb)      (C)          (g/kg)      10**-6 (mb/hr)   (deg/day)     
  -------    -----      ------------   -----   ------  ------------   
   1000.0    37.000      31.889989     0.048    0.00     0.000  
    950.0    34.666      29.472139     0.051    0.00     0.000  
    900.0    32.206      27.059961     0.053    0.00     0.000  
    850.0    29.605      24.659608     0.056    0.00     0.000  
    800.0    26.847      22.278386     0.057    0.00     0.000  
    750.0    23.910      19.924970     0.059    0.00     0.000  
    700.0    20.771      17.609669     0.060    0.00     0.000  
    650.0    17.399      15.344735     0.061    0.00     0.000  
    600.0    13.757      13.144737     0.063    0.00     0.000  
    550.0     9.798      11.026980     0.066    0.00     0.000  
    500.0     5.462       9.011976     0.069    0.00     0.000  
    450.0     0.668       7.123917     0.073    0.00     0.000  
    400.0    -4.691       5.391062     0.077    0.00     0.000  
    350.0   -10.767       3.845819     0.085    0.00     0.000  
    300.0   -17.781       2.524058     0.096    0.00     0.000  
    250.0   -26.076       1.462653     0.117    0.00     0.000  
    200.0   -36.229       0.693200     0.153    0.00     0.000  
    150.0   -49.319       0.228013     0.202    0.00     0.000  
    100.0   -67.768       0.033401     0.405    0.00     0.000  
     80.0   -73.150       0.000000     0.755    0.00     0.000  
     60.0   -73.150       0.000000     2.042    0.00     0.000  
     40.0   -73.150       0.000000     5.238    0.00     0.000  
     30.0   -73.150       0.000000     8.440    0.00     0.000  
     25.0   -73.150       0.000000    10.124    0.00     0.000  
