  N levels =   24          CBMF=     0.000     SST=   32.00 C            
  
  Pressure   Temp.      Spec. humid.   O3 mr   Omega   Rad. Cooling    
    (mb)      (C)          (g/kg)      10**-6 (mb/hr)   (deg/day)     
  -------    -----      ------------   -----   ------  ------------   
   1000.0    30.000      21.400739     0.048    0.00     0.000  
    950.0    27.666      19.653815     0.051    0.00     0.000  
    900.0    25.206      17.922032     0.053    0.00     0.000  
    850.0    22.605      16.210618     0.056    0.00     0.000  
    800.0    19.847      14.525640     0.057    0.00     0.000  
    750.0    16.910      12.874139     0.059    0.00     0.000  
    700.0    13.771      11.264286     0.060    0.00     0.000  
    650.0    10.399       9.705557     0.061    0.00     0.000  
    600.0     6.757       8.208920     0.063    0.00     0.000  
    550.0     2.798       6.787028     0.066    0.00     0.000  
    500.0    -1.538       5.454387     0.069    0.00     0.000  
    450.0    -6.332       4.227458     0.073    0.00     0.000  
    400.0   -11.691       3.124581     0.077    0.00     0.000  
    350.0   -17.767       2.165540     0.085    0.00     0.000  
    300.0   -24.781       1.370396     0.096    0.00     0.000  
    250.0   -33.076       0.756926     0.117    0.00     0.000  
    200.0   -43.229       0.335470     0.153    0.00     0.000  
    150.0   -56.319       0.099553     0.202    0.00     0.000  
    100.0   -73.150       0.000000     0.405    0.00     0.000  
     80.0   -73.150       0.000000     0.755    0.00     0.000  
     60.0   -73.150       0.000000     2.042    0.00     0.000  
     40.0   -73.150       0.000000     5.238    0.00     0.000  
     30.0   -73.150       0.000000     8.440    0.00     0.000  
     25.0   -73.150       0.000000    10.124    0.00     0.000  
