  N levels =   24          CBMF=     0.000     SST=   48.00 C            
  
  Pressure   Temp.      Spec. humid.   O3 mr   Omega   Rad. Cooling    
    (mb)      (C)          (g/kg)      10**-6 (mb/hr)   (deg/day)     
  -------    -----      ------------   -----   ------  ------------   
   1000.0    46.000      51.991001     0.048    0.00     0.000  
    950.0    43.666      48.397902     0.051    0.00     0.000  
    900.0    41.206      44.787332     0.053    0.00     0.000  
    850.0    38.605      41.166193     0.056    0.00     0.000  
    800.0    35.847      37.542969     0.057    0.00     0.000  
    750.0    32.910      33.928073     0.059    0.00     0.000  
    700.0    29.771      30.334298     0.060    0.00     0.000  
    650.0    26.399      26.777367     0.061    0.00     0.000  
    600.0    22.757      23.276624     0.063    0.00     0.000  
    550.0    18.798      19.855903     0.066    0.00     0.000  
    500.0    14.462      16.544583     0.069    0.00     0.000  
    450.0     9.668      13.378880     0.073    0.00     0.000  
    400.0     4.309      10.403323     0.077    0.00     0.000  
    350.0    -1.767       7.672276     0.085    0.00     0.000  
    300.0    -8.781       5.251038     0.096    0.00     0.000  
    250.0   -17.076       3.215257     0.117    0.00     0.000  
    200.0   -27.229       1.645429     0.153    0.00     0.000  
    150.0   -40.319       0.608581     0.202    0.00     0.000  
    100.0   -58.768       0.110109     0.405    0.00     0.000  
     80.0   -68.921       0.035517     0.755    0.00     0.000  
     60.0   -73.150       0.000000     2.042    0.00     0.000  
     40.0   -73.150       0.000000     5.238    0.00     0.000  
     30.0   -73.150       0.000000     8.440    0.00     0.000  
     25.0   -73.150       0.000000    10.124    0.00     0.000  
