  N levels =   24          CBMF=     0.000     SST=    1.00 C            
  
  Pressure   Temp.      Spec. humid.   O3 mr   Omega   Rad. Cooling    
    (mb)      (C)          (g/kg)      10**-6 (mb/hr)   (deg/day)     
  -------    -----      ------------   -----   ------  ------------   
   1000.0    -1.000       2.832470     0.048    0.00     0.000  
    950.0    -3.334       2.508858     0.051    0.00     0.000  
    900.0    -5.794       2.199652     0.053    0.00     0.000  
    850.0    -8.395       1.906085     0.056    0.00     0.000  
    800.0   -11.153       1.629446     0.057    0.00     0.000  
    750.0   -14.090       1.371061     0.059    0.00     0.000  
    700.0   -17.229       1.132279     0.060    0.00     0.000  
    650.0   -20.601       0.914435     0.061    0.00     0.000  
    600.0   -24.243       0.718812     0.063    0.00     0.000  
    550.0   -28.202       0.546566     0.066    0.00     0.000  
    500.0   -32.538       0.398643     0.069    0.00     0.000  
    450.0   -37.332       0.275644     0.073    0.00     0.000  
    400.0   -42.691       0.177660     0.077    0.00     0.000  
    350.0   -48.767       0.104047     0.085    0.00     0.000  
    300.0   -55.781       0.053166     0.096    0.00     0.000  
    250.0   -64.076       0.022109     0.117    0.00     0.000  
    200.0   -73.150       0.000000     0.153    0.00     0.000  
    150.0   -73.150       0.000000     0.202    0.00     0.000  
    100.0   -73.150       0.000000     0.405    0.00     0.000  
     80.0   -73.150       0.000000     0.755    0.00     0.000  
     60.0   -73.150       0.000000     2.042    0.00     0.000  
     40.0   -73.150       0.000000     5.238    0.00     0.000  
     30.0   -73.150       0.000000     8.440    0.00     0.000  
     25.0   -73.150       0.000000    10.124    0.00     0.000  
