  N levels =   24          CBMF=     0.000     SST=   42.00 C            
  
  Pressure   Temp.      Spec. humid.   O3 mr   Omega   Rad. Cooling    
    (mb)      (C)          (g/kg)      10**-6 (mb/hr)   (deg/day)     
  -------    -----      ------------   -----   ------  ------------   
   1000.0    40.000      37.638709     0.048    0.00     0.000  
    950.0    37.666      34.872709     0.051    0.00     0.000  
    900.0    35.206      32.106233     0.053    0.00     0.000  
    850.0    32.605      29.345755     0.056    0.00     0.000  
    800.0    29.847      26.599046     0.057    0.00     0.000  
    750.0    26.910      23.875428     0.059    0.00     0.000  
    700.0    23.771      21.186094     0.060    0.00     0.000  
    650.0    20.399      18.544496     0.061    0.00     0.000  
    600.0    16.757      15.966806     0.063    0.00     0.000  
    550.0    12.798      13.472473     0.066    0.00     0.000  
    500.0     8.462      11.084857     0.069    0.00     0.000  
    450.0     3.668       8.831931     0.073    0.00     0.000  
    400.0    -1.691       6.746964     0.077    0.00     0.000  
    350.0    -7.767       4.868972     0.085    0.00     0.000  
    300.0   -14.781       3.242452     0.096    0.00     0.000  
    250.0   -23.076       1.915274     0.117    0.00     0.000  
    200.0   -33.229       0.932281     0.153    0.00     0.000  
    150.0   -46.319       0.319443     0.202    0.00     0.000  
    100.0   -64.768       0.050378     0.405    0.00     0.000  
     80.0   -73.150       0.000000     0.755    0.00     0.000  
     60.0   -73.150       0.000000     2.042    0.00     0.000  
     40.0   -73.150       0.000000     5.238    0.00     0.000  
     30.0   -73.150       0.000000     8.440    0.00     0.000  
     25.0   -73.150       0.000000    10.124    0.00     0.000  
