  N levels =   24          CBMF=     0.000     SST=    7.00 C            
  
  Pressure   Temp.      Spec. humid.   O3 mr   Omega   Rad. Cooling    
    (mb)      (C)          (g/kg)      10**-6 (mb/hr)   (deg/day)     
  -------    -----      ------------   -----   ------  ------------   
   1000.0     5.000       4.351277     0.048    0.00     0.000  
    950.0     2.666       3.885789     0.051    0.00     0.000  
    900.0     0.206       3.437298     0.053    0.00     0.000  
    850.0    -2.395       3.007609     0.056    0.00     0.000  
    800.0    -5.153       2.598654     0.057    0.00     0.000  
    750.0    -8.090       2.212488     0.059    0.00     0.000  
    700.0   -11.229       1.851271     0.060    0.00     0.000  
    650.0   -14.601       1.517247     0.061    0.00     0.000  
    600.0   -18.243       1.212695     0.063    0.00     0.000  
    550.0   -22.202       0.939859     0.066    0.00     0.000  
    500.0   -26.538       0.700837     0.069    0.00     0.000  
    450.0   -31.332       0.497416     0.073    0.00     0.000  
    400.0   -36.691       0.330828     0.077    0.00     0.000  
    350.0   -42.767       0.201409     0.085    0.00     0.000  
    300.0   -49.781       0.108133     0.096    0.00     0.000  
    250.0   -58.076       0.048037     0.117    0.00     0.000  
    200.0   -68.229       0.015657     0.153    0.00     0.000  
    150.0   -73.150       0.000000     0.202    0.00     0.000  
    100.0   -73.150       0.000000     0.405    0.00     0.000  
     80.0   -73.150       0.000000     0.755    0.00     0.000  
     60.0   -73.150       0.000000     2.042    0.00     0.000  
     40.0   -73.150       0.000000     5.238    0.00     0.000  
     30.0   -73.150       0.000000     8.440    0.00     0.000  
     25.0   -73.150       0.000000    10.124    0.00     0.000  
