  N levels =   24          CBMF=     0.000     SST=   43.00 C            
  
  Pressure   Temp.      Spec. humid.   O3 mr   Omega   Rad. Cooling    
    (mb)      (C)          (g/kg)      10**-6 (mb/hr)   (deg/day)     
  -------    -----      ------------   -----   ------  ------------   
   1000.0    41.000      39.750918     0.048    0.00     0.000  
    950.0    38.666      36.859738     0.051    0.00     0.000  
    900.0    36.206      33.965706     0.053    0.00     0.000  
    850.0    33.605      31.075392     0.056    0.00     0.000  
    800.0    30.847      28.196706     0.057    0.00     0.000  
    750.0    27.910      25.339175     0.059    0.00     0.000  
    700.0    24.771      22.514276     0.060    0.00     0.000  
    650.0    21.399      19.735855     0.061    0.00     0.000  
    600.0    17.757      17.020621     0.063    0.00     0.000  
    550.0    13.798      14.388748     0.066    0.00     0.000  
    500.0     9.462      11.864574     0.069    0.00     0.000  
    450.0     4.668       9.477389     0.073    0.00     0.000  
    400.0    -0.691       7.262229     0.077    0.00     0.000  
    350.0    -6.767       5.260470     0.085    0.00     0.000  
    300.0   -13.781       3.519746     0.096    0.00     0.000  
    250.0   -22.076       2.092008     0.117    0.00     0.000  
    200.0   -32.229       1.027153     0.153    0.00     0.000  
    150.0   -45.319       0.356633     0.202    0.00     0.000  
    100.0   -63.768       0.057598     0.405    0.00     0.000  
     80.0   -73.150       0.000000     0.755    0.00     0.000  
     60.0   -73.150       0.000000     2.042    0.00     0.000  
     40.0   -73.150       0.000000     5.238    0.00     0.000  
     30.0   -73.150       0.000000     8.440    0.00     0.000  
     25.0   -73.150       0.000000    10.124    0.00     0.000  
