  N levels =   24          CBMF=     0.000     SST=   15.00 C            
  
  Pressure   Temp.      Spec. humid.   O3 mr   Omega   Rad. Cooling    
    (mb)      (C)          (g/kg)      10**-6 (mb/hr)   (deg/day)     
  -------    -----      ------------   -----   ------  ------------   
   1000.0    13.000       7.481153     0.048    0.00     0.000  
    950.0    10.666       6.747739     0.051    0.00     0.000  
    900.0     8.206       6.033888     0.053    0.00     0.000  
    850.0     5.605       5.342359     0.056    0.00     0.000  
    800.0     2.847       4.676193     0.057    0.00     0.000  
    750.0    -0.090       4.038726     0.059    0.00     0.000  
    700.0    -3.229       3.433600     0.060    0.00     0.000  
    650.0    -6.601       2.864765     0.061    0.00     0.000  
    600.0   -10.243       2.336450     0.063    0.00     0.000  
    550.0   -14.202       1.853114     0.066    0.00     0.000  
    500.0   -18.538       1.419339     0.069    0.00     0.000  
    450.0   -23.332       1.039637     0.073    0.00     0.000  
    400.0   -28.691       0.718137     0.077    0.00     0.000  
    350.0   -34.767       0.458064     0.085    0.00     0.000  
    300.0   -41.781       0.260946     0.096    0.00     0.000  
    250.0   -50.076       0.125430     0.117    0.00     0.000  
    200.0   -60.229       0.045719     0.153    0.00     0.000  
    150.0   -73.150       0.000000     0.202    0.00     0.000  
    100.0   -73.150       0.000000     0.405    0.00     0.000  
     80.0   -73.150       0.000000     0.755    0.00     0.000  
     60.0   -73.150       0.000000     2.042    0.00     0.000  
     40.0   -73.150       0.000000     5.238    0.00     0.000  
     30.0   -73.150       0.000000     8.440    0.00     0.000  
     25.0   -73.150       0.000000    10.124    0.00     0.000  
