  N levels =   24          CBMF=     0.000     SST=    3.00 C            
  
  Pressure   Temp.      Spec. humid.   O3 mr   Omega   Rad. Cooling    
    (mb)      (C)          (g/kg)      10**-6 (mb/hr)   (deg/day)     
  -------    -----      ------------   -----   ------  ------------   
   1000.0     1.000       3.275773     0.048    0.00     0.000  
    950.0    -1.334       2.909640     0.051    0.00     0.000  
    900.0    -3.794       2.558807     0.053    0.00     0.000  
    850.0    -6.395       2.224683     0.056    0.00     0.000  
    800.0    -9.153       1.908753     0.057    0.00     0.000  
    750.0   -12.090       1.612565     0.059    0.00     0.000  
    700.0   -15.229       1.337712     0.060    0.00     0.000  
    650.0   -18.601       1.085798     0.061    0.00     0.000  
    600.0   -22.243       0.858398     0.063    0.00     0.000  
    550.0   -26.202       0.656984     0.066    0.00     0.000  
    500.0   -30.538       0.482826     0.069    0.00     0.000  
    450.0   -35.332       0.336855     0.073    0.00     0.000  
    400.0   -40.691       0.219465     0.077    0.00     0.000  
    350.0   -46.767       0.130254     0.085    0.00     0.000  
    300.0   -53.781       0.067698     0.096    0.00     0.000  
    250.0   -62.076       0.028799     0.117    0.00     0.000  
    200.0   -72.229       0.008825     0.153    0.00     0.000  
    150.0   -73.150       0.000000     0.202    0.00     0.000  
    100.0   -73.150       0.000000     0.405    0.00     0.000  
     80.0   -73.150       0.000000     0.755    0.00     0.000  
     60.0   -73.150       0.000000     2.042    0.00     0.000  
     40.0   -73.150       0.000000     5.238    0.00     0.000  
     30.0   -73.150       0.000000     8.440    0.00     0.000  
     25.0   -73.150       0.000000    10.124    0.00     0.000  
