  N levels =   24          CBMF=     0.000     SST=   11.00 C            
  
  Pressure   Temp.      Spec. humid.   O3 mr   Omega   Rad. Cooling    
    (mb)      (C)          (g/kg)      10**-6 (mb/hr)   (deg/day)     
  -------    -----      ------------   -----   ------  ------------   
   1000.0     9.000       5.729297     0.048    0.00     0.000  
    950.0     6.666       5.142606     0.051    0.00     0.000  
    900.0     4.206       4.574383     0.053    0.00     0.000  
    850.0     1.605       4.026885     0.056    0.00     0.000  
    800.0    -1.153       3.502564     0.057    0.00     0.000  
    750.0    -4.090       3.004070     0.059    0.00     0.000  
    700.0    -7.229       2.534246     0.060    0.00     0.000  
    650.0   -10.601       2.096115     0.061    0.00     0.000  
    600.0   -14.243       1.692835     0.063    0.00     0.000  
    550.0   -18.202       1.327638     0.066    0.00     0.000  
    500.0   -22.538       1.003712     0.069    0.00     0.000  
    450.0   -27.332       0.724019     0.073    0.00     0.000  
    400.0   -32.691       0.491008     0.077    0.00     0.000  
    350.0   -38.767       0.306183     0.085    0.00     0.000  
    300.0   -45.781       0.169481     0.096    0.00     0.000  
    250.0   -54.076       0.078413     0.117    0.00     0.000  
    200.0   -64.229       0.027076     0.153    0.00     0.000  
    150.0   -73.150       0.000000     0.202    0.00     0.000  
    100.0   -73.150       0.000000     0.405    0.00     0.000  
     80.0   -73.150       0.000000     0.755    0.00     0.000  
     60.0   -73.150       0.000000     2.042    0.00     0.000  
     40.0   -73.150       0.000000     5.238    0.00     0.000  
     30.0   -73.150       0.000000     8.440    0.00     0.000  
     25.0   -73.150       0.000000    10.124    0.00     0.000  
