  N levels =   24          CBMF=     0.000     SST=   28.00 C            
  
  Pressure   Temp.      Spec. humid.   O3 mr   Omega   Rad. Cooling    
    (mb)      (C)          (g/kg)      10**-6 (mb/hr)   (deg/day)     
  -------    -----      ------------   -----   ------  ------------   
   1000.0    26.000      16.898500     0.048    0.00     0.000  
    950.0    23.666      15.458920     0.051    0.00     0.000  
    900.0    21.206      14.037424     0.053    0.00     0.000  
    850.0    18.605      12.638651     0.056    0.00     0.000  
    800.0    15.847      11.267916     0.057    0.00     0.000  
    750.0    12.910       9.931315     0.059    0.00     0.000  
    700.0     9.771       8.635824     0.060    0.00     0.000  
    650.0     6.399       7.389418     0.061    0.00     0.000  
    600.0     2.757       6.201182     0.063    0.00     0.000  
    550.0    -1.202       5.081407     0.066    0.00     0.000  
    500.0    -5.538       4.041652     0.069    0.00     0.000  
    450.0   -10.332       3.094702     0.073    0.00     0.000  
    400.0   -15.691       2.254356     0.077    0.00     0.000  
    350.0   -21.767       1.534855     0.085    0.00     0.000  
    300.0   -28.781       0.949685     0.096    0.00     0.000  
    250.0   -37.076       0.509225     0.117    0.00     0.000  
    200.0   -47.229       0.216505     0.153    0.00     0.000  
    150.0   -60.319       0.060263     0.202    0.00     0.000  
    100.0   -73.150       0.000000     0.405    0.00     0.000  
     80.0   -73.150       0.000000     0.755    0.00     0.000  
     60.0   -73.150       0.000000     2.042    0.00     0.000  
     40.0   -73.150       0.000000     5.238    0.00     0.000  
     30.0   -73.150       0.000000     8.440    0.00     0.000  
     25.0   -73.150       0.000000    10.124    0.00     0.000  
