  N levels =   24          CBMF=     0.000     SST=   44.00 C            
  
  Pressure   Temp.      Spec. humid.   O3 mr   Omega   Rad. Cooling    
    (mb)      (C)          (g/kg)      10**-6 (mb/hr)   (deg/day)     
  -------    -----      ------------   -----   ------  ------------   
   1000.0    42.000      41.968530     0.048    0.00     0.000  
    950.0    39.666      38.947336     0.051    0.00     0.000  
    900.0    37.206      35.920743     0.053    0.00     0.000  
    850.0    34.605      32.895404     0.056    0.00     0.000  
    800.0    31.847      29.879364     0.057    0.00     0.000  
    750.0    28.910      26.882343     0.059    0.00     0.000  
    700.0    25.771      23.916101     0.060    0.00     0.000  
    650.0    22.399      20.994871     0.061    0.00     0.000  
    600.0    18.757      18.135897     0.063    0.00     0.000  
    550.0    14.798      15.360083     0.066    0.00     0.000  
    500.0    10.462      12.692757     0.069    0.00     0.000  
    450.0     5.668      10.164550     0.073    0.00     0.000  
    400.0     0.309       7.812310     0.077    0.00     0.000  
    350.0    -5.767       5.679857     0.085    0.00     0.000  
    300.0   -12.781       3.818092     0.096    0.00     0.000  
    250.0   -21.076       2.283260     0.117    0.00     0.000  
    200.0   -31.229       1.130652     0.153    0.00     0.000  
    150.0   -44.319       0.397714     0.202    0.00     0.000  
    100.0   -62.768       0.065756     0.405    0.00     0.000  
     80.0   -72.921       0.019927     0.755    0.00     0.000  
     60.0   -73.150       0.000000     2.042    0.00     0.000  
     40.0   -73.150       0.000000     5.238    0.00     0.000  
     30.0   -73.150       0.000000     8.440    0.00     0.000  
     25.0   -73.150       0.000000    10.124    0.00     0.000  
