  N levels =   24          CBMF=     0.000     SST=   22.00 C            
  
  Pressure   Temp.      Spec. humid.   O3 mr   Omega   Rad. Cooling    
    (mb)      (C)          (g/kg)      10**-6 (mb/hr)   (deg/day)     
  -------    -----      ------------   -----   ------  ------------   
   1000.0    20.000      11.711413     0.048    0.00     0.000  
    950.0    17.666      10.647194     0.051    0.00     0.000  
    900.0    15.206       9.602977     0.053    0.00     0.000  
    850.0    12.605       8.582503     0.056    0.00     0.000  
    800.0     9.847       7.589987     0.057    0.00     0.000  
    750.0     6.910       6.630165     0.059    0.00     0.000  
    700.0     3.771       5.708348     0.060    0.00     0.000  
    650.0     0.399       4.830469     0.061    0.00     0.000  
    600.0    -3.243       4.003114     0.063    0.00     0.000  
    550.0    -7.202       3.233526     0.066    0.00     0.000  
    500.0   -11.538       2.529549     0.069    0.00     0.000  
    450.0   -16.332       1.899485     0.073    0.00     0.000  
    400.0   -21.691       1.351769     0.077    0.00     0.000  
    350.0   -27.767       0.894369     0.085    0.00     0.000  
    300.0   -34.781       0.533702     0.096    0.00     0.000  
    250.0   -43.076       0.272804     0.117    0.00     0.000  
    200.0   -53.229       0.108447     0.153    0.00     0.000  
    150.0   -66.319       0.027202     0.202    0.00     0.000  
    100.0   -73.150       0.000000     0.405    0.00     0.000  
     80.0   -73.150       0.000000     0.755    0.00     0.000  
     60.0   -73.150       0.000000     2.042    0.00     0.000  
     40.0   -73.150       0.000000     5.238    0.00     0.000  
     30.0   -73.150       0.000000     8.440    0.00     0.000  
     25.0   -73.150       0.000000    10.124    0.00     0.000  
