  N levels =   24          CBMF=     0.000     SST=   31.00 C            
  
  Pressure   Temp.      Spec. humid.   O3 mr   Omega   Rad. Cooling    
    (mb)      (C)          (g/kg)      10**-6 (mb/hr)   (deg/day)     
  -------    -----      ------------   -----   ------  ------------   
   1000.0    29.000      20.185506     0.048    0.00     0.000  
    950.0    26.666      18.520147     0.051    0.00     0.000  
    900.0    24.206      16.870812     0.053    0.00     0.000  
    850.0    21.605      15.242584     0.056    0.00     0.000  
    800.0    18.847      13.641342     0.057    0.00     0.000  
    750.0    15.910      12.073889     0.059    0.00     0.000  
    700.0    12.771      10.548094     0.060    0.00     0.000  
    650.0     9.399       9.073050     0.061    0.00     0.000  
    600.0     5.757       7.659238     0.063    0.00     0.000  
    550.0     1.798       6.318699     0.066    0.00     0.000  
    500.0    -2.538       5.065167     0.069    0.00     0.000  
    450.0    -7.332       3.914132     0.073    0.00     0.000  
    400.0   -12.691       2.882724     0.077    0.00     0.000  
    350.0   -18.767       1.989230     0.085    0.00     0.000  
    300.0   -25.781       1.251913     0.096    0.00     0.000  
    250.0   -34.076       0.686486     0.117    0.00     0.000  
    200.0   -44.229       0.301177     0.153    0.00     0.000  
    150.0   -57.319       0.087990     0.202    0.00     0.000  
    100.0   -73.150       0.000000     0.405    0.00     0.000  
     80.0   -73.150       0.000000     0.755    0.00     0.000  
     60.0   -73.150       0.000000     2.042    0.00     0.000  
     40.0   -73.150       0.000000     5.238    0.00     0.000  
     30.0   -73.150       0.000000     8.440    0.00     0.000  
     25.0   -73.150       0.000000    10.124    0.00     0.000  
