  N levels =   24          CBMF=     0.000     SST=   13.00 C            
  
  Pressure   Temp.      Spec. humid.   O3 mr   Omega   Rad. Cooling    
    (mb)      (C)          (g/kg)      10**-6 (mb/hr)   (deg/day)     
  -------    -----      ------------   -----   ------  ------------   
   1000.0    11.000       6.553524     0.048    0.00     0.000  
    950.0     8.666       5.896907     0.051    0.00     0.000  
    900.0     6.206       5.259364     0.053    0.00     0.000  
    850.0     3.605       4.643396     0.056    0.00     0.000  
    800.0     0.847       4.051742     0.057    0.00     0.000  
    750.0    -2.090       3.487382     0.059    0.00     0.000  
    700.0    -5.229       2.953547     0.060    0.00     0.000  
    650.0    -8.601       2.453701     0.061    0.00     0.000  
    600.0   -12.243       1.991516     0.063    0.00     0.000  
    550.0   -16.202       1.570805     0.066    0.00     0.000  
    500.0   -20.538       1.195412     0.069    0.00     0.000  
    450.0   -25.332       0.869025     0.073    0.00     0.000  
    400.0   -30.691       0.594868     0.077    0.00     0.000  
    350.0   -36.767       0.375230     0.085    0.00     0.000  
    300.0   -43.781       0.210752     0.096    0.00     0.000  
    250.0   -52.076       0.099417     0.117    0.00     0.000  
    200.0   -62.229       0.035286     0.153    0.00     0.000  
    150.0   -73.150       0.000000     0.202    0.00     0.000  
    100.0   -73.150       0.000000     0.405    0.00     0.000  
     80.0   -73.150       0.000000     0.755    0.00     0.000  
     60.0   -73.150       0.000000     2.042    0.00     0.000  
     40.0   -73.150       0.000000     5.238    0.00     0.000  
     30.0   -73.150       0.000000     8.440    0.00     0.000  
     25.0   -73.150       0.000000    10.124    0.00     0.000  
