  N levels =   24          CBMF=     0.000     SST=   12.00 C            
  
  Pressure   Temp.      Spec. humid.   O3 mr   Omega   Rad. Cooling    
    (mb)      (C)          (g/kg)      10**-6 (mb/hr)   (deg/day)     
  -------    -----      ------------   -----   ------  ------------   
   1000.0    10.000       6.129141     0.048    0.00     0.000  
    950.0     7.666       5.508314     0.051    0.00     0.000  
    900.0     5.206       4.906271     0.053    0.00     0.000  
    850.0     2.605       4.325391     0.056    0.00     0.000  
    800.0    -0.153       3.768264     0.057    0.00     0.000  
    750.0    -3.090       3.237704     0.059    0.00     0.000  
    700.0    -6.229       2.736745     0.060    0.00     0.000  
    650.0    -9.601       2.268625     0.061    0.00     0.000  
    600.0   -13.243       1.836753     0.063    0.00     0.000  
    550.0   -17.202       1.444644     0.066    0.00     0.000  
    500.0   -21.538       1.095805     0.069    0.00     0.000  
    450.0   -26.332       0.793547     0.073    0.00     0.000  
    400.0   -31.691       0.540693     0.077    0.00     0.000  
    350.0   -37.767       0.339120     0.085    0.00     0.000  
    300.0   -44.781       0.189097     0.096    0.00     0.000  
    250.0   -53.076       0.088347     0.117    0.00     0.000  
    200.0   -63.229       0.030932     0.153    0.00     0.000  
    150.0   -73.150       0.000000     0.202    0.00     0.000  
    100.0   -73.150       0.000000     0.405    0.00     0.000  
     80.0   -73.150       0.000000     0.755    0.00     0.000  
     60.0   -73.150       0.000000     2.042    0.00     0.000  
     40.0   -73.150       0.000000     5.238    0.00     0.000  
     30.0   -73.150       0.000000     8.440    0.00     0.000  
     25.0   -73.150       0.000000    10.124    0.00     0.000  
