  Pressure   O3 mr 
    (mb)    10**-6 E4
  -------    -----    
   1000.0    0.048
    950.0    0.051
    900.0    0.053
    850.0    0.056
    800.0    0.057
    750.0    0.059
    700.0    0.060
    650.0    0.061
    600.0    0.063
    550.0    0.066
    500.0    0.069
    450.0    0.073
    400.0    0.077
    350.0    0.085
    300.0    0.096
    250.0    0.117
    200.0    0.153
    150.0    0.202
    100.0    0.405
     80.0    0.755
     60.0    2.042
     40.0    5.238
     30.0    8.440
     25.0    10.124



