  N levels =   46        Q= 0.00 m/s           SST=   28.00 C

  Pressure   Temp.      Spec. humid.   O3 mr    Psi     Rcool     U
    (mb)      (C)          (g/kg)      10**-6 E4 kg/m/s (K/dy)   m/s
  -------    -----      ------------   -----   -----    ------    -
   1000.0    26.484      17.693434     0.048    0.00     1.836   0.0
    975.0    24.324      17.540361     0.049    0.09     1.876   0.0
    950.0    22.216      17.428288     0.051    0.16     1.482   0.0
    925.0    22.040      14.539320     0.052    0.27     1.939   0.1
    900.0    20.797      13.417844     0.053   -2.25     1.591   0.1
    875.0    19.663      12.393429     0.055    0.15     1.546   0.1
    850.0    18.441      11.561455     0.056   -1.79     1.431   0.1
    825.0    17.213      10.803601     0.057   -0.03     1.375   0.1
    800.0    15.902      10.170385     0.057   -1.80     1.303   0.1
    775.0    14.567       9.545156     0.058    0.14     1.270   0.1
    750.0    13.140       8.928858     0.059   -1.69     1.216   0.1
    725.0    11.709       8.270007     0.060   -0.41     1.204   0.1
    700.0    10.191       7.579394     0.060   -1.35     1.168   0.1
    675.0     8.657       6.811591     0.061   -0.90     1.147   0.1
    650.0     7.071       5.955778     0.061   -1.30     1.145   0.1
    625.0     5.486       5.343264     0.062   -1.15     1.209   0.0
    600.0     3.787       4.789705     0.063   -1.26     1.272   0.1
    575.0     2.013       4.262668     0.065   -1.21     1.346   0.0
    550.0     0.168       3.661685     0.066   -1.18     1.391   0.1
    525.0    -1.855       2.981712     0.068   -1.07     1.260   0.0
    500.0    -3.666       2.480268     0.069   -0.84     1.277   0.0
    475.0    -5.672       2.190238     0.071   -0.57     1.285   0.0
    450.0    -7.993       2.054675     0.073   -0.30     1.281   0.0
    425.0   -10.735       2.051385     0.075    0.06     1.248   0.0
    400.0   -13.912       1.625287     0.077    0.21     1.130   0.0
    375.0   -17.380       0.983058     0.081    0.44     1.063   0.0
    350.0   -21.075       0.401776     0.085    0.56     0.948   0.0
    325.0   -25.268       0.247368     0.091    0.77     0.709   0.0
    300.0   -30.094       0.212696     0.096    0.83     0.969   0.0
    275.0   -35.242       0.186963     0.107    0.78     1.016   0.0
    250.0   -40.851       0.171730     0.117    0.64     1.164   0.0
    225.0   -46.892       0.149227     0.135    0.54     1.652   0.0
    200.0   -53.024       0.093770     0.153    0.47     1.089   0.0
    175.0   -60.229       0.034489     0.175    0.39     0.102   0.1
    150.0   -62.164       0.008143     0.202    0.19    -0.082   0.2
    125.0   -61.075       0.008325     0.243   -0.04    -0.011   0.2
    100.0   -61.542       0.006704     0.405    0.14     0.084   0.0
     80.0   -71.994       0.003854     0.755    1.31    -0.698   0.0
     60.0   -66.448       0.006915     2.042    1.43    -0.596   0.0
     40.0   -60.640       0.010468     5.238    1.13    -1.082   0.0
     30.0   -44.942       0.049986     8.440    0.78     0.441   0.0
     25.0   -37.259       0.109106    10.124    0.58     1.655   0.0
     20.0   -32.686       0.168169    11.773    0.43     2.671   0.0
     15.0   -28.743       0.237945    13.882    0.29     2.617   0.0
     10.0   -22.025       0.466792    13.873    0.14     5.631   0.0
      5.0   -62.016       0.033525    10.548    0.00     0.001   0.0
