  N levels =   24          CBMF=     0.000     SST=   35.00 C            
  
  Pressure   Temp.      Spec. humid.   O3 mr   Omega   Rad. Cooling    
    (mb)      (C)          (g/kg)      10**-6 (mb/hr)   (deg/day)     
  -------    -----      ------------   -----   ------  ------------   
   1000.0    33.000      25.445465     0.048    0.00     0.000  
    950.0    30.666      23.433386     0.051    0.00     0.000  
    900.0    28.206      21.433141     0.053    0.00     0.000  
    850.0    25.605      19.450377     0.056    0.00     0.000  
    800.0    22.847      17.491712     0.057    0.00     0.000  
    750.0    19.910      15.564898     0.059    0.00     0.000  
    700.0    16.771      13.679023     0.060    0.00     0.000  
    650.0    13.399      11.844740     0.061    0.00     0.000  
    600.0     9.757      10.074523     0.063    0.00     0.000  
    550.0     5.798       8.382945     0.066    0.00     0.000  
    500.0     1.462       6.786965     0.069    0.00     0.000  
    450.0    -3.332       5.306158     0.073    0.00     0.000  
    400.0    -8.691       3.962808     0.077    0.00     0.000  
    350.0   -14.767       2.781636     0.085    0.00     0.000  
    300.0   -21.781       1.788770     0.096    0.00     0.000  
    250.0   -30.076       1.009127     0.117    0.00     0.000  
    200.0   -40.229       0.460672     0.153    0.00     0.000  
    150.0   -53.319       0.143067     0.202    0.00     0.000  
    100.0   -71.768       0.018883     0.405    0.00     0.000  
     80.0   -73.150       0.000000     0.755    0.00     0.000  
     60.0   -73.150       0.000000     2.042    0.00     0.000  
     40.0   -73.150       0.000000     5.238    0.00     0.000  
     30.0   -73.150       0.000000     8.440    0.00     0.000  
     25.0   -73.150       0.000000    10.124    0.00     0.000  
