  N levels =   24          CBMF=     0.000     SST=   34.00 C            
  
  Pressure   Temp.      Spec. humid.   O3 mr   Omega   Rad. Cooling    
    (mb)      (C)          (g/kg)      10**-6 (mb/hr)   (deg/day)     
  -------    -----      ------------   -----   ------  ------------   
   1000.0    32.000      24.027657     0.048    0.00     0.000  
    950.0    29.666      22.107487     0.051    0.00     0.000  
    900.0    27.206      20.200370     0.053    0.00     0.000  
    850.0    24.605      18.311816     0.056    0.00     0.000  
    800.0    21.847      16.448259     0.057    0.00     0.000  
    750.0    18.910      14.617218     0.059    0.00     0.000  
    700.0    15.771      12.827473     0.060    0.00     0.000  
    650.0    12.399      11.089281     0.061    0.00     0.000  
    600.0     8.757       9.414606     0.063    0.00     0.000  
    550.0     4.798       7.817369     0.066    0.00     0.000  
    500.0     0.462       6.313689     0.069    0.00     0.000  
    450.0    -4.332       4.922070     0.073    0.00     0.000  
    400.0    -9.691       3.663428     0.077    0.00     0.000  
    350.0   -15.767       2.560762     0.085    0.00     0.000  
    300.0   -22.781       1.638066     0.096    0.00     0.000  
    250.0   -31.076       0.917708     0.117    0.00     0.000  
    200.0   -41.229       0.414889     0.153    0.00     0.000  
    150.0   -54.319       0.126940     0.202    0.00     0.000  
    100.0   -72.768       0.016306     0.405    0.00     0.000  
     80.0   -73.150       0.000000     0.755    0.00     0.000  
     60.0   -73.150       0.000000     2.042    0.00     0.000  
     40.0   -73.150       0.000000     5.238    0.00     0.000  
     30.0   -73.150       0.000000     8.440    0.00     0.000  
     25.0   -73.150       0.000000    10.124    0.00     0.000  
