  N levels =   24          CBMF=     0.000     SST=   47.00 C            
  
  Pressure   Temp.      Spec. humid.   O3 mr   Omega   Rad. Cooling    
    (mb)      (C)          (g/kg)      10**-6 (mb/hr)   (deg/day)     
  -------    -----      ------------   -----   ------  ------------   
   1000.0    45.000      49.302242     0.048    0.00     0.000  
    950.0    42.666      45.860268     0.051    0.00     0.000  
    900.0    40.206      42.404138     0.053    0.00     0.000  
    850.0    37.605      38.940707     0.056    0.00     0.000  
    800.0    34.847      35.478362     0.057    0.00     0.000  
    750.0    31.910      32.027361     0.059    0.00     0.000  
    700.0    28.771      28.600252     0.060    0.00     0.000  
    650.0    25.399      25.212398     0.061    0.00     0.000  
    600.0    21.757      21.882627     0.063    0.00     0.000  
    550.0    17.798      18.634040     0.066    0.00     0.000  
    500.0    13.462      15.494995     0.069    0.00     0.000  
    450.0     8.668      12.500281     0.073    0.00     0.000  
    400.0     3.309       9.692446     0.077    0.00     0.000  
    350.0    -2.767       7.123105     0.085    0.00     0.000  
    300.0    -9.781       4.853758     0.096    0.00     0.000  
    250.0   -18.076       2.954862     0.117    0.00     0.000  
    200.0   -28.229       1.500046     0.153    0.00     0.000  
    150.0   -41.319       0.548043     0.202    0.00     0.000  
    100.0   -59.768       0.096998     0.405    0.00     0.000  
     80.0   -69.921       0.030816     0.755    0.00     0.000  
     60.0   -73.150       0.000000     2.042    0.00     0.000  
     40.0   -73.150       0.000000     5.238    0.00     0.000  
     30.0   -73.150       0.000000     8.440    0.00     0.000  
     25.0   -73.150       0.000000    10.124    0.00     0.000  
