  N levels =   24          CBMF=     0.000     SST=   33.00 C            
  
  Pressure   Temp.      Spec. humid.   O3 mr   Omega   Rad. Cooling    
    (mb)      (C)          (g/kg)      10**-6 (mb/hr)   (deg/day)     
  -------    -----      ------------   -----   ------  ------------   
   1000.0    31.000      22.680457     0.048    0.00     0.000  
    950.0    28.666      20.848633     0.051    0.00     0.000  
    900.0    26.206      19.030962     0.053    0.00     0.000  
    850.0    23.605      17.232815     0.056    0.00     0.000  
    800.0    20.847      15.460442     0.057    0.00     0.000  
    750.0    17.910      13.721124     0.059    0.00     0.000  
    700.0    14.771      12.023336     0.060    0.00     0.000  
    650.0    11.399      10.376943     0.061    0.00     0.000  
    600.0     7.757       8.793406     0.063    0.00     0.000  
    550.0     3.798       7.286005     0.066    0.00     0.000  
    500.0    -0.538       5.870042     0.069    0.00     0.000  
    450.0    -5.332       4.562982     0.073    0.00     0.000  
    400.0   -10.691       3.384428     0.077    0.00     0.000  
    350.0   -16.767       2.355733     0.085    0.00     0.000  
    300.0   -23.781       1.498868     0.096    0.00     0.000  
    250.0   -32.076       0.833827     0.117    0.00     0.000  
    200.0   -42.229       0.373269     0.153    0.00     0.000  
    150.0   -55.319       0.112488     0.202    0.00     0.000  
    100.0   -73.150       0.000000     0.405    0.00     0.000  
     80.0   -73.150       0.000000     0.755    0.00     0.000  
     60.0   -73.150       0.000000     2.042    0.00     0.000  
     40.0   -73.150       0.000000     5.238    0.00     0.000  
     30.0   -73.150       0.000000     8.440    0.00     0.000  
     25.0   -73.150       0.000000    10.124    0.00     0.000  
