  N levels =   24          CBMF=     0.000     SST=   10.00 C            
  
  Pressure   Temp.      Spec. humid.   O3 mr   Omega   Rad. Cooling    
    (mb)      (C)          (g/kg)      10**-6 (mb/hr)   (deg/day)     
  -------    -----      ------------   -----   ------  ------------   
   1000.0     8.000       5.352751     0.048    0.00     0.000  
    950.0     5.666       4.798602     0.051    0.00     0.000  
    900.0     3.206       4.262583     0.053    0.00     0.000  
    850.0     0.605       3.746832     0.056    0.00     0.000  
    800.0    -2.153       3.253665     0.057    0.00     0.000  
    750.0    -5.090       2.785573     0.059    0.00     0.000  
    700.0    -8.229       2.345219     0.060    0.00     0.000  
    650.0   -11.601       1.935417     0.061    0.00     0.000  
    600.0   -15.243       1.559089     0.063    0.00     0.000  
    550.0   -19.202       1.219196     0.066    0.00     0.000  
    500.0   -23.538       0.918629     0.069    0.00     0.000  
    450.0   -28.332       0.660022     0.073    0.00     0.000  
    400.0   -33.691       0.445480     0.077    0.00     0.000  
    350.0   -39.767       0.276169     0.085    0.00     0.000  
    300.0   -46.781       0.151731     0.096    0.00     0.000  
    250.0   -55.076       0.069507     0.117    0.00     0.000  
    200.0   -65.229       0.023666     0.153    0.00     0.000  
    150.0   -73.150       0.000000     0.202    0.00     0.000  
    100.0   -73.150       0.000000     0.405    0.00     0.000  
     80.0   -73.150       0.000000     0.755    0.00     0.000  
     60.0   -73.150       0.000000     2.042    0.00     0.000  
     40.0   -73.150       0.000000     5.238    0.00     0.000  
     30.0   -73.150       0.000000     8.440    0.00     0.000  
     25.0   -73.150       0.000000    10.124    0.00     0.000  
