  N levels =   24          CBMF=     0.000     SST=   40.00 C            
  
  Pressure   Temp.      Spec. humid.   O3 mr   Omega   Rad. Cooling    
    (mb)      (C)          (g/kg)      10**-6 (mb/hr)   (deg/day)     
  -------    -----      ------------   -----   ------  ------------   
   1000.0    38.000      33.712511     0.048    0.00     0.000  
    950.0    35.666      31.183022     0.051    0.00     0.000  
    900.0    33.206      28.657312     0.053    0.00     0.000  
    850.0    30.605      26.141647     0.056    0.00     0.000  
    800.0    27.847      23.643494     0.057    0.00     0.000  
    750.0    24.910      21.171750     0.059    0.00     0.000  
    700.0    21.771      18.737021     0.060    0.00     0.000  
    650.0    18.399      16.351962     0.061    0.00     0.000  
    600.0    14.757      14.031674     0.063    0.00     0.000  
    550.0    10.798      11.794171     0.066    0.00     0.000  
    500.0     6.462       9.660897     0.069    0.00     0.000  
    450.0     1.668       7.657276     0.073    0.00     0.000  
    400.0    -3.691       5.813188     0.077    0.00     0.000  
    350.0    -9.767       4.163164     0.085    0.00     0.000  
    300.0   -16.781       2.745820     0.096    0.00     0.000  
    250.0   -25.076       1.601493     0.117    0.00     0.000  
    200.0   -35.229       0.765887     0.153    0.00     0.000  
    150.0   -48.319       0.255429     0.202    0.00     0.000  
    100.0   -66.768       0.038364     0.405    0.00     0.000  
     80.0   -73.150       0.000000     0.755    0.00     0.000  
     60.0   -73.150       0.000000     2.042    0.00     0.000  
     40.0   -73.150       0.000000     5.238    0.00     0.000  
     30.0   -73.150       0.000000     8.440    0.00     0.000  
     25.0   -73.150       0.000000    10.124    0.00     0.000  
