  N levels =   24          CBMF=     0.000     SST=    4.00 C            
  
  Pressure   Temp.      Spec. humid.   O3 mr   Omega   Rad. Cooling    
    (mb)      (C)          (g/kg)      10**-6 (mb/hr)   (deg/day)     
  -------    -----      ------------   -----   ------  ------------   
   1000.0     2.000       3.519726     0.048    0.00     0.000  
    950.0    -0.334       3.130617     0.051    0.00     0.000  
    900.0    -2.794       2.757246     0.053    0.00     0.000  
    850.0    -5.395       2.401116     0.056    0.00     0.000  
    800.0    -8.153       2.063818     0.057    0.00     0.000  
    750.0   -11.090       1.747016     0.059    0.00     0.000  
    700.0   -14.229       1.452436     0.060    0.00     0.000  
    650.0   -17.601       1.181830     0.061    0.00     0.000  
    600.0   -21.243       0.936932     0.063    0.00     0.000  
    550.0   -25.202       0.719389     0.066    0.00     0.000  
    500.0   -29.538       0.530656     0.069    0.00     0.000  
    450.0   -34.332       0.371850     0.073    0.00     0.000  
    400.0   -39.691       0.243545     0.077    0.00     0.000  
    350.0   -45.767       0.145489     0.085    0.00     0.000  
    300.0   -52.781       0.076246     0.096    0.00     0.000  
    250.0   -61.076       0.032798     0.117    0.00     0.000  
    200.0   -71.229       0.010210     0.153    0.00     0.000  
    150.0   -73.150       0.000000     0.202    0.00     0.000  
    100.0   -73.150       0.000000     0.405    0.00     0.000  
     80.0   -73.150       0.000000     0.755    0.00     0.000  
     60.0   -73.150       0.000000     2.042    0.00     0.000  
     40.0   -73.150       0.000000     5.238    0.00     0.000  
     30.0   -73.150       0.000000     8.440    0.00     0.000  
     25.0   -73.150       0.000000    10.124    0.00     0.000  
