  N levels =   24          CBMF=     0.000     SST=   41.00 C            
  
  Pressure   Temp.      Spec. humid.   O3 mr   Omega   Rad. Cooling    
    (mb)      (C)          (g/kg)      10**-6 (mb/hr)   (deg/day)     
  -------    -----      ------------   -----   ------  ------------   
   1000.0    39.000      35.627358     0.048    0.00     0.000  
    950.0    36.666      32.981871     0.051    0.00     0.000  
    900.0    34.206      30.338113     0.053    0.00     0.000  
    850.0    31.605      27.702462     0.056    0.00     0.000  
    800.0    28.847      25.082537     0.057    0.00     0.000  
    750.0    25.910      22.487452     0.059    0.00     0.000  
    700.0    22.771      19.928109     0.060    0.00     0.000  
    650.0    19.399      17.417562     0.061    0.00     0.000  
    600.0    15.757      14.971448     0.063    0.00     0.000  
    550.0    11.798      12.608494     0.066    0.00     0.000  
    500.0     7.462      10.351095     0.069    0.00     0.000  
    450.0     2.668       8.225937     0.073    0.00     0.000  
    400.0    -2.691       6.264568     0.077    0.00     0.000  
    350.0    -8.767       4.503723     0.085    0.00     0.000  
    300.0   -15.781       2.984892     0.096    0.00     0.000  
    250.0   -24.076       1.752077     0.117    0.00     0.000  
    200.0   -34.229       0.845393     0.153    0.00     0.000  
    150.0   -47.319       0.285811     0.202    0.00     0.000  
    100.0   -65.768       0.043996     0.405    0.00     0.000  
     80.0   -73.150       0.000000     0.755    0.00     0.000  
     60.0   -73.150       0.000000     2.042    0.00     0.000  
     40.0   -73.150       0.000000     5.238    0.00     0.000  
     30.0   -73.150       0.000000     8.440    0.00     0.000  
     25.0   -73.150       0.000000    10.124    0.00     0.000  
