  N levels =   24          CBMF=     0.000     SST=    2.00 C            
  
  Pressure   Temp.      Spec. humid.   O3 mr   Omega   Rad. Cooling    
    (mb)      (C)          (g/kg)      10**-6 (mb/hr)   (deg/day)     
  -------    -----      ------------   -----   ------  ------------   
   1000.0     0.000       3.046963     0.048    0.00     0.000  
    950.0    -2.334       2.702646     0.051    0.00     0.000  
    900.0    -4.794       2.373184     0.053    0.00     0.000  
    850.0    -7.395       2.059898     0.056    0.00     0.000  
    800.0   -10.153       1.764171     0.057    0.00     0.000  
    750.0   -13.090       1.487437     0.059    0.00     0.000  
    700.0   -16.229       1.231164     0.060    0.00     0.000  
    650.0   -19.601       0.996820     0.061    0.00     0.000  
    600.0   -23.243       0.785826     0.063    0.00     0.000  
    550.0   -27.202       0.599491     0.066    0.00     0.000  
    500.0   -31.538       0.438918     0.069    0.00     0.000  
    450.0   -36.332       0.304864     0.073    0.00     0.000  
    400.0   -41.691       0.197563     0.077    0.00     0.000  
    350.0   -47.767       0.116482     0.085    0.00     0.000  
    300.0   -54.781       0.060032     0.096    0.00     0.000  
    250.0   -63.076       0.025252     0.117    0.00     0.000  
    200.0   -73.150       0.000000     0.153    0.00     0.000  
    150.0   -73.150       0.000000     0.202    0.00     0.000  
    100.0   -73.150       0.000000     0.405    0.00     0.000  
     80.0   -73.150       0.000000     0.755    0.00     0.000  
     60.0   -73.150       0.000000     2.042    0.00     0.000  
     40.0   -73.150       0.000000     5.238    0.00     0.000  
     30.0   -73.150       0.000000     8.440    0.00     0.000  
     25.0   -73.150       0.000000    10.124    0.00     0.000  
