  Pressure   O3 mr 
    (mb)    10**-6 E4
  -------    -----    
   1000.0    0.048
    975.0    0.049
    950.0    0.051
    925.0    0.052
    900.0    0.053
    875.0    0.055
    850.0    0.056
    825.0    0.057
    800.0    0.057
    775.0    0.058
    750.0    0.059
    725.0    0.060
    700.0    0.060
    675.0    0.061
    650.0    0.061
    625.0    0.062
    600.0    0.063
    575.0    0.065
    550.0    0.066
    525.0    0.068
    500.0    0.069
    475.0    0.071
    450.0    0.073
    425.0    0.075
    400.0    0.077
    375.0    0.081
    350.0    0.085
    325.0    0.091
    300.0    0.096
    275.0    0.107
    250.0    0.117
    225.0    0.135
    200.0    0.153
    175.0    0.175
    150.0    0.202
    125.0    0.243
    100.0    0.405
     80.0    0.755
     60.0    2.042
     40.0    5.238
     30.0    8.440
     25.0    10.124
     20.0    11.773
     15.0    13.882
     10.0    13.873
      5.0    10.548



