  N levels =   46        Q= 0.00 m/s           SST=   27.00 C            
  
  Pressure   Temp.      Spec. humid.   O3 mr    Psi     Rcool     U   
    (mb)      (C)          (g/kg)      10**-6 E4 kg/m/s (K/dy)   m/s  
  -------    -----      ------------   -----   -----    ------    -   
   1000.0    27.000      17.937094     0.048    0.00     0.000   0.0  
    975.0    25.848      17.179285     0.049    0.00     0.000   0.0  
    950.0    24.666      16.425302     0.051    0.00     0.000   0.0  
    925.0    23.453      15.675682     0.052    0.00     0.000   0.0  
    900.0    22.206      14.931001     0.053    0.00     0.000   0.0  
    875.0    20.924      14.191879     0.055    0.00     0.000   0.0  
    850.0    19.605      13.458978     0.056    0.00     0.000   0.0  
    825.0    18.247      12.733009     0.057    0.00     0.000   0.0  
    800.0    16.847      12.014736     0.057    0.00     0.000   0.0  
    775.0    15.402      11.304976     0.058    0.00     0.000   0.0  
    750.0    13.910      10.604606     0.059    0.00     0.000   0.0  
    725.0    12.368       9.914564     0.060    0.00     0.000   0.0  
    700.0    10.771       9.235857     0.060    0.00     0.000   0.0  
    675.0     9.117       8.569563     0.061    0.00     0.000   0.0  
    650.0     7.399       7.916832     0.061    0.00     0.000   0.0  
    625.0     5.615       7.278897     0.062    0.00     0.000   0.0  
    600.0     3.757       6.657071     0.063    0.00     0.000   0.0  
    575.0     1.821       6.052753     0.065    0.00     0.000   0.0  
    550.0    -0.202       5.467432     0.066    0.00     0.000   0.0  
    525.0    -2.318       4.902685     0.068    0.00     0.000   0.0  
    500.0    -4.538       4.360176     0.069    0.00     0.000   0.0  
    475.0    -6.872       3.841656     0.071    0.00     0.000   0.0  
    450.0    -9.332       3.348955     0.073    0.00     0.000   0.0  
    425.0   -11.933       2.883965     0.075    0.00     0.000   0.0  
    400.0   -14.691       2.448627     0.077    0.00     0.000   0.0  
    375.0   -17.628       2.044898     0.081    0.00     0.000   0.0  
    350.0   -20.767       1.674713     0.085    0.00     0.000   0.0  
    325.0   -24.139       1.339916     0.091    0.00     0.000   0.0  
    300.0   -27.781       1.042188     0.096    0.00     0.000   0.0  
    275.0   -31.740       0.782923     0.107    0.00     0.000   0.0  
    250.0   -36.076       0.563074     0.117    0.00     0.000   0.0  
    225.0   -40.870       0.382952     0.135    0.00     0.000   0.0  
    200.0   -46.229       0.241956     0.153    0.00     0.000   0.0  
    175.0   -52.305       0.138259     0.175    0.00     0.000   0.0  
    150.0   -59.319       0.068461     0.202    0.00     0.000   0.0  
    125.0   -67.615       0.027296     0.243    0.00     0.000   0.0  
    100.0   -73.150       0.000000     0.405    0.00     0.000   0.0  
     80.0   -73.150       0.000000     0.755    0.00     0.000   0.0  
     60.0   -73.150       0.000000     2.042    0.00     0.000   0.0  
     40.0   -73.150       0.000000     5.238    0.00     0.000   0.0  
     30.0   -73.150       0.000000     8.440    0.00     0.000   0.0  
     25.0   -73.150       0.000000    10.124    0.00     0.000   0.0  
     20.0   -73.150       0.000000    11.773    0.00     0.000   0.0  
     15.0   -73.150       0.000000    13.882    0.00     0.000   0.0  
     10.0   -73.150       0.000000    13.873    0.00     0.000   0.0  
      5.0   -73.150       0.000000    10.548    0.00     0.000   0.0  
