  N levels =   24          CBMF=     0.000     SST=    5.00 C            
  
  Pressure   Temp.      Spec. humid.   O3 mr   Omega   Rad. Cooling    
    (mb)      (C)          (g/kg)      10**-6 (mb/hr)   (deg/day)     
  -------    -----      ------------   -----   ------  ------------   
   1000.0     3.000       3.779684     0.048    0.00     0.000  
    950.0     0.666       3.366391     0.051    0.00     0.000  
    900.0    -1.794       2.969266     0.053    0.00     0.000  
    850.0    -4.395       2.589910     0.056    0.00     0.000  
    800.0    -7.153       2.230022     0.057    0.00     0.000  
    750.0   -10.090       1.891391     0.059    0.00     0.000  
    700.0   -13.229       1.575882     0.060    0.00     0.000  
    650.0   -16.601       1.285400     0.061    0.00     0.000  
    600.0   -20.243       1.021853     0.063    0.00     0.000  
    550.0   -24.202       0.787072     0.066    0.00     0.000  
    500.0   -28.538       0.582712     0.069    0.00     0.000  
    450.0   -33.332       0.410095     0.073    0.00     0.000  
    400.0   -38.691       0.269993     0.077    0.00     0.000  
    350.0   -44.767       0.162325     0.085    0.00     0.000  
    300.0   -51.781       0.085768     0.096    0.00     0.000  
    250.0   -60.076       0.037298     0.117    0.00     0.000  
    200.0   -70.229       0.011794     0.153    0.00     0.000  
    150.0   -73.150       0.000000     0.202    0.00     0.000  
    100.0   -73.150       0.000000     0.405    0.00     0.000  
     80.0   -73.150       0.000000     0.755    0.00     0.000  
     60.0   -73.150       0.000000     2.042    0.00     0.000  
     40.0   -73.150       0.000000     5.238    0.00     0.000  
     30.0   -73.150       0.000000     8.440    0.00     0.000  
     25.0   -73.150       0.000000    10.124    0.00     0.000  
