  N levels =   24          CBMF=     0.000     SST=    8.00 C            
  
  Pressure   Temp.      Spec. humid.   O3 mr   Omega   Rad. Cooling    
    (mb)      (C)          (g/kg)      10**-6 (mb/hr)   (deg/day)     
  -------    -----      ------------   -----   ------  ------------   
   1000.0     6.000       4.664852     0.048    0.00     0.000  
    950.0     3.666       4.171247     0.051    0.00     0.000  
    900.0     1.206       3.695035     0.053    0.00     0.000  
    850.0    -1.395       3.238126     0.056    0.00     0.000  
    800.0    -4.153       2.802577     0.057    0.00     0.000  
    750.0    -7.090       2.390582     0.059    0.00     0.000  
    700.0   -10.229       2.004463     0.060    0.00     0.000  
    650.0   -13.601       1.646643     0.061    0.00     0.000  
    600.0   -17.243       1.319604     0.063    0.00     0.000  
    550.0   -21.202       1.025817     0.066    0.00     0.000  
    500.0   -25.538       0.767625     0.069    0.00     0.000  
    450.0   -30.332       0.547077     0.073    0.00     0.000  
    400.0   -35.691       0.365671     0.077    0.00     0.000  
    350.0   -41.767       0.223991     0.085    0.00     0.000  
    300.0   -48.781       0.121199     0.096    0.00     0.000  
    250.0   -57.076       0.054404     0.117    0.00     0.000  
    200.0   -67.229       0.017997     0.153    0.00     0.000  
    150.0   -73.150       0.000000     0.202    0.00     0.000  
    100.0   -73.150       0.000000     0.405    0.00     0.000  
     80.0   -73.150       0.000000     0.755    0.00     0.000  
     60.0   -73.150       0.000000     2.042    0.00     0.000  
     40.0   -73.150       0.000000     5.238    0.00     0.000  
     30.0   -73.150       0.000000     8.440    0.00     0.000  
     25.0   -73.150       0.000000    10.124    0.00     0.000  
