  N levels =   24          CBMF=     0.000     SST=    9.00 C            
  
  Pressure   Temp.      Spec. humid.   O3 mr   Omega   Rad. Cooling    
    (mb)      (C)          (g/kg)      10**-6 (mb/hr)   (deg/day)     
  -------    -----      ------------   -----   ------  ------------   
   1000.0     7.000       4.998314     0.048    0.00     0.000  
    950.0     4.666       4.475175     0.051    0.00     0.000  
    900.0     2.206       3.969806     0.053    0.00     0.000  
    850.0    -0.395       3.484231     0.056    0.00     0.000  
    800.0    -3.153       3.020632     0.057    0.00     0.000  
    750.0    -6.090       2.581350     0.059    0.00     0.000  
    700.0    -9.229       2.168875     0.060    0.00     0.000  
    650.0   -12.601       1.785819     0.061    0.00     0.000  
    600.0   -16.243       1.434879     0.063    0.00     0.000  
    550.0   -20.202       1.118764     0.066    0.00     0.000  
    500.0   -24.538       0.840082     0.069    0.00     0.000  
    450.0   -29.332       0.601164     0.073    0.00     0.000  
    400.0   -34.691       0.403798     0.077    0.00     0.000  
    350.0   -40.767       0.248843     0.085    0.00     0.000  
    300.0   -47.781       0.135686     0.096    0.00     0.000  
    250.0   -56.076       0.061534     0.117    0.00     0.000  
    200.0   -66.229       0.020653     0.153    0.00     0.000  
    150.0   -73.150       0.000000     0.202    0.00     0.000  
    100.0   -73.150       0.000000     0.405    0.00     0.000  
     80.0   -73.150       0.000000     0.755    0.00     0.000  
     60.0   -73.150       0.000000     2.042    0.00     0.000  
     40.0   -73.150       0.000000     5.238    0.00     0.000  
     30.0   -73.150       0.000000     8.440    0.00     0.000  
     25.0   -73.150       0.000000    10.124    0.00     0.000  
