  N levels =   24          CBMF=     0.000     SST=   14.00 C            
  
  Pressure   Temp.      Spec. humid.   O3 mr   Omega   Rad. Cooling    
    (mb)      (C)          (g/kg)      10**-6 (mb/hr)   (deg/day)     
  -------    -----      ------------   -----   ------  ------------   
   1000.0    12.000       7.003743     0.048    0.00     0.000  
    950.0     9.666       6.309619     0.051    0.00     0.000  
    900.0     7.206       5.634829     0.053    0.00     0.000  
    850.0     4.605       4.982002     0.056    0.00     0.000  
    800.0     1.847       4.354026     0.057    0.00     0.000  
    750.0    -1.090       3.754056     0.059    0.00     0.000  
    700.0    -4.229       3.185526     0.060    0.00     0.000  
    650.0    -7.601       2.652136     0.061    0.00     0.000  
    600.0   -11.243       2.157832     0.063    0.00     0.000  
    550.0   -15.202       1.706742     0.066    0.00     0.000  
    500.0   -19.538       1.303068     0.069    0.00     0.000  
    450.0   -24.332       0.950897     0.073    0.00     0.000  
    400.0   -29.691       0.653890     0.077    0.00     0.000  
    350.0   -35.767       0.414782     0.085    0.00     0.000  
    300.0   -42.781       0.234635     0.096    0.00     0.000  
    250.0   -51.076       0.111736     0.117    0.00     0.000  
    200.0   -61.229       0.040193     0.153    0.00     0.000  
    150.0   -73.150       0.000000     0.202    0.00     0.000  
    100.0   -73.150       0.000000     0.405    0.00     0.000  
     80.0   -73.150       0.000000     0.755    0.00     0.000  
     60.0   -73.150       0.000000     2.042    0.00     0.000  
     40.0   -73.150       0.000000     5.238    0.00     0.000  
     30.0   -73.150       0.000000     8.440    0.00     0.000  
     25.0   -73.150       0.000000    10.124    0.00     0.000  
