  N levels =   24          CBMF=     0.000     SST=   36.00 C            
  
  Pressure   Temp.      Spec. humid.   O3 mr   Omega   Rad. Cooling    
    (mb)      (C)          (g/kg)      10**-6 (mb/hr)   (deg/day)     
  -------    -----      ------------   -----   ------  ------------   
   1000.0    34.000      26.937137     0.048    0.00     0.000  
    950.0    31.666      24.829463     0.051    0.00     0.000  
    900.0    29.206      22.732281     0.053    0.00     0.000  
    850.0    26.605      20.651374     0.056    0.00     0.000  
    800.0    23.847      18.593535     0.057    0.00     0.000  
    750.0    20.910      16.566751     0.059    0.00     0.000  
    700.0    17.771      14.580419     0.060    0.00     0.000  
    650.0    14.399      12.645589     0.061    0.00     0.000  
    600.0    10.757      10.775250     0.063    0.00     0.000  
    550.0     6.798       8.984643     0.066    0.00     0.000  
    500.0     2.462       7.291585     0.069    0.00     0.000  
    450.0    -2.332       5.716758     0.073    0.00     0.000  
    400.0    -7.691       4.283861     0.077    0.00     0.000  
    350.0   -13.767       3.019419     0.085    0.00     0.000  
    300.0   -20.781       1.951813     0.096    0.00     0.000  
    250.0   -29.076       1.108675     0.117    0.00     0.000  
    200.0   -39.229       0.510985     0.153    0.00     0.000  
    150.0   -52.319       0.161042     0.202    0.00     0.000  
    100.0   -70.768       0.021831     0.405    0.00     0.000  
     80.0   -73.150       0.000000     0.755    0.00     0.000  
     60.0   -73.150       0.000000     2.042    0.00     0.000  
     40.0   -73.150       0.000000     5.238    0.00     0.000  
     30.0   -73.150       0.000000     8.440    0.00     0.000  
     25.0   -73.150       0.000000    10.124    0.00     0.000  
