  N levels =   24          CBMF=     0.000     SST=   46.00 C            
  
  Pressure   Temp.      Spec. humid.   O3 mr   Omega   Rad. Cooling    
    (mb)      (C)          (g/kg)      10**-6 (mb/hr)   (deg/day)     
  -------    -----      ------------   -----   ------  ------------   
   1000.0    44.000      46.739135     0.048    0.00     0.000  
    950.0    41.666      43.442726     0.051    0.00     0.000  
    900.0    39.206      40.135272     0.053    0.00     0.000  
    850.0    36.605      36.823572     0.056    0.00     0.000  
    800.0    33.847      33.515907     0.057    0.00     0.000  
    750.0    30.910      30.222367     0.059    0.00     0.000  
    700.0    27.771      26.955245     0.060    0.00     0.000  
    650.0    24.399      23.729534     0.061    0.00     0.000  
    600.0    20.757      20.563541     0.063    0.00     0.000  
    550.0    16.798      17.479633     0.066    0.00     0.000  
    500.0    12.462      14.505150     0.069    0.00     0.000  
    450.0     7.668      11.673475     0.073    0.00     0.000  
    400.0     2.309       9.025214     0.077    0.00     0.000  
    350.0    -3.767       6.609306     0.085    0.00     0.000  
    300.0   -10.781       4.483586     0.096    0.00     0.000  
    250.0   -19.076       2.713548     0.117    0.00     0.000  
    200.0   -29.229       1.366339     0.153    0.00     0.000  
    150.0   -42.319       0.493015     0.202    0.00     0.000  
    100.0   -60.768       0.085331     0.405    0.00     0.000  
     80.0   -70.921       0.026693     0.755    0.00     0.000  
     60.0   -73.150       0.000000     2.042    0.00     0.000  
     40.0   -73.150       0.000000     5.238    0.00     0.000  
     30.0   -73.150       0.000000     8.440    0.00     0.000  
     25.0   -73.150       0.000000    10.124    0.00     0.000  
