  N levels =   46          CBMF=     0.000     SST=   27.00 C            
  
  Pressure   Temp.      Spec. humid.   O3 mr   Omega   Rad. Cooling    
    (mb)      (C)          (g/kg)      10**-6 (mb/hr)   (deg/day)     
  -------    -----      ------------   -----   ------  ------------   
   1000.0    25.000      15.913554     0.048    0.00     0.000  
    975.0    23.848      15.226345     0.049    0.00     0.000  
    950.0    22.666      14.543270     0.051    0.00     0.000  
    925.0    21.453      13.864834     0.052    0.00     0.000  
    900.0    20.206      13.191579     0.053    0.00     0.000  
    875.0    18.924      12.524084     0.055    0.00     0.000  
    850.0    17.605      11.862969     0.056    0.00     0.000  
    825.0    16.247      11.208894     0.057    0.00     0.000  
    800.0    14.847      10.562568     0.057    0.00     0.000  
    775.0    13.402       9.924747     0.058    0.00     0.000  
    750.0    11.910       9.296238     0.059    0.00     0.000  
    725.0    10.368       8.677904     0.060    0.00     0.000  
    700.0     8.771       8.070666     0.060    0.00     0.000  
    675.0     7.117       7.475506     0.061    0.00     0.000  
    650.0     5.399       6.893468     0.061    0.00     0.000  
    625.0     3.615       6.325666     0.062    0.00     0.000  
    600.0     1.757       5.773282     0.063    0.00     0.000  
    575.0    -0.179       5.237569     0.065    0.00     0.000  
    550.0    -2.202       4.719851     0.066    0.00     0.000  
    525.0    -4.318       4.221524     0.068    0.00     0.000  
    500.0    -6.538       3.744052     0.069    0.00     0.000  
    475.0    -8.872       3.288964     0.071    0.00     0.000  
    450.0   -11.332       2.857842     0.073    0.00     0.000  
    425.0   -13.933       2.452308     0.075    0.00     0.000  
    400.0   -16.691       2.074005     0.077    0.00     0.000  
    375.0   -19.628       1.724567     0.081    0.00     0.000  
    350.0   -22.767       1.405577     0.085    0.00     0.000  
    325.0   -26.139       1.118507     0.091    0.00     0.000  
    300.0   -29.781       0.864644     0.096    0.00     0.000  
    275.0   -33.740       0.644980     0.107    0.00     0.000  
    250.0   -38.076       0.460077     0.117    0.00     0.000  
    225.0   -42.870       0.309882     0.135    0.00     0.000  
    200.0   -48.229       0.193511     0.153    0.00     0.000  
    175.0   -54.305       0.108986     0.175    0.00     0.000  
    150.0   -61.319       0.052973     0.202    0.00     0.000  
    125.0   -69.615       0.020602     0.243    0.00     0.000  
    100.0   -73.150       0.000000     0.405    0.00     0.000  
     80.0   -73.150       0.000000     0.755    0.00     0.000  
     60.0   -73.150       0.000000     2.042    0.00     0.000  
     40.0   -73.150       0.000000     5.238    0.00     0.000  
     30.0   -73.150       0.000000     8.440    0.00     0.000  
     25.0   -73.150       0.000000    10.124    0.00     0.000  
     20.0   -73.150       0.000000    11.773    0.00     0.000  
     15.0   -73.150       0.000000    13.882    0.00     0.000  
     10.0   -73.150       0.000000    13.873    0.00     0.000  
      5.0   -73.150       0.000000    10.548    0.00     0.000  
